"Date","Time","Test Case ID","Description","Result"
"06.05.2020","22.46.11","UnlockMarksEntryExe","Unlock Marks Entry Page Functional TestCases","FAIL"
